$ANSIBLE_VAULT;1.1;AES256
31663965313535653838336662633165626331663665663761613036396430316439343932313862
3432396337396662613430643137323332646462336463320a356464393638386364343466316366
32343964306535323536396339633765643463343766663835653662356632633463323665616537
3263336136336563650a633735326665363431613162393234653539653432373433626335663330
62383036646438363663343665333238626630626636336532656539623430323133313062656431
65353237303136366165626130306164373865356439363337316637363036613636313962616161
39336235646261666339353634616432633665323366333136663761666538626561336564633764
32373436353131343265326163653230376239396561313165666531346132663734623238313532
66366463346565373234643234333162343563636163616338613635373830336665303938343435
61313539383533373434366563326135646134666232366566353331636535666533326532366430
30303063373933663738626132373138613961323763363366653963313961376631336365363636
32386238663032303965343861356135373566343530653464376365313532323936636333653839
35393962356139666435373562643564353338626237613363306264633262346333323233383830
65346534363935313138333437623666653538653736616136666239313664343636373466373766
61323662303961306138353733626162336466373034383462373637623133356161303733363566
35396162376335333366383036613866343563666635346234636162373835306537643435633261
38353037643339393265626433613266356665313331356632383964393338666261323462393961
66646138353337643363323838643132626132306334616336646461376231336338376563336463
37626535323836323037303637353561386631613861383034653564623738316433653031346638
66643836326231656433636135646638323030666366663533663934333731383564653663346539
61626566396264653566653434373036306462393465373562663464636436313333
